[[0.08895439607422104, 0.3181219351723548, 0.23229452991568186, 0.18418802890899555, 0.17644110992874665], [0.2799183632502742, 0.3205066835557614, 0.06279983470683183, 0.23114767366949904, 0.1056274448176336], [0.25509684979056335, 0.24266809829070532, 0.1677507548732016, 0.19858024095344365, 0.13590405609208606], [0.39006624027621295, 0.21176791098331066, 0.16001944372800905, 0.131250423182067, 0.1068959818304004], [0.25274164772578805, 0.20712425937027024, 0.31876758015528284, 0.006171967885878007, 0.21519454486278078], [0.1931408210834916, 0.10334402235799257, 0.3146191760475452, 0.23023318889722416, 0.15866279161374638], [0.07391210916895871, 0.30869308635540343, 0.2814593326196913, 0.21413438274134147, 0.12180108911460508], [0.2993658681231931, 0.17812888831191007, 0.1368310997213651, 0.2847045218902424, 0.10096962195328933], [0.3163467652922283, 0.14263904760291773, 0.11888228448747308, 0.31854940013495653, 0.1035825024824245], [0.19400281828094076, 0.22819874037107177, 0.07432082729830823, 0.2876896750090922, 0.21578793904058705], [0.2612849724461824, 0.15645246594327766, 0.17665262834906684, 0.20803037917762116, 0.19757955408385203], [0.2741017995538562, 0.23415661390579728, 0.16887789886507398, 0.0007312014317017118, 0.3221324862435708], [0.22157709330565983, 0.13930884785517555, 0.21328830591996994, 0.03986543580271274, 0.3859603171164819], [0.40380825061645387, 0.023963725092949525, 0.14615685112187785, 0.29786331919712694, 0.12820785397159176], [0.15730876517849232, 0.11556351576624183, 0.21477896199862806, 0.2658935113879211, 0.24645524566871665], [0.3029524301002221, 0.07819732520800889, 0.46206856537435925, 0.01153018646306201, 0.14525149285434785], [0.1820915452508743, 0.43440330150613127, 0.31512940954021285, 0.06006182158790516, 0.00831392211487644], [0.19174496826901186, 0.15594406809286557, 0.19081415036692623, 0.17896064839821604, 0.2825361648729803], [0.2642467329979581, 0.054166496061531115, 0.27107274999177106, 0.22664949876236193, 0.18386452218637783], [0.22317883157029664, 0.18476006872969325, 0.31035702841071716, 0.07892485782655884, 0.20277921346273414], [0.2978884333381046, 0.04930208137790074, 0.22518189486802792, 0.14737544418961723, 0.2802521462263495], [0.02728994959814548, 0.24455571494874215, 0.34541615747435844, 0.25323404573046526, 0.12950413224828872], [0.3166753951221669, 0.16328961438259226, 0.32285477098205523, 0.0619758439706464, 0.135204375542539], [0.023054453830386738, 0.059125336901897495, 0.3909090636945649, 0.16326224715426987, 0.363648898418881], [0.2608889064793538, 0.3485480866045829, 0.14044232667615317, 0.12605161837120998, 0.1240690618687001], [0.044775873506759614, 0.25197033531597984, 0.31142011506085915, 0.17971378618540887, 0.2121198899309925], [0.2732488220691149, 0.19925061005587433, 0.21239867397135967, 0.2535831207063114, 0.06151877319733979], [0.2005219361018531, 0.22125629801167626, 0.2597569850745965, 0.10602913272062872, 0.21243564809124554], [0.248521970577491, 0.16832413771020266, 0.04181191164784623, 0.14516910080950257, 0.3961728792549576], [0.2031137978948224, 0.10660018100075606, 0.3449083531803682, 0.0947268635796954, 0.250650804344358], [0.3354752864484158, 0.11694766703693325, 0.21493809048784218, 0.08758536508572531, 0.24505359094108345], [0.055932686367650856, 0.34605522945663886, 0.18531394241508586, 0.08047085631401045, 0.33222728544661395], [0.23292073846191505, 0.18411739893303528, 0.10111593168854638, 0.3283457587736238, 0.15350017214287948], [0.02651398077099216, 0.5939979582740503, 0.018745193565473512, 0.07412540297170686, 0.2866174644177772], [0.06917638748605508, 0.11153658914664834, 0.18889189163688788, 0.31878022980239684, 0.31161490192801183], [0.033546180805437996, 0.38737446619013777, 0.07618605227281505, 0.36836205951835405, 0.13453124121325516], [0.2026472322639405, 0.20291791844612184, 0.24011369327688162, 0.27655191606513263, 0.07776923994792347], [0.2583849995177542, 0.304012937733119, 0.03274669641481757, 0.27263561802287667, 0.13221974831143257], [0.06750881472412065, 0.22972932137790789, 0.19310955007452132, 0.2412721031988769, 0.2683802106245732], [0.22394499622147956, 0.40649013296955067, 0.07989870147231072, 0.12969216600234576, 0.15997400333431322], [0.24592286489745926, 0.20708879201201483, 0.06555428140712989, 0.2364146864695285, 0.24501937521386757], [0.2716354386854018, 0.027639200641795113, 0.07481356604296716, 0.31576890560773335, 0.3101428890221026], [0.14110655084738094, 0.3784682178825558, 0.18030767806498094, 0.2857408615168739, 0.01437669168820851], [0.12595122433758985, 0.12099858850476317, 0.4108656778620734, 0.26283186554862364, 0.07935264374694993], [0.17025616521263465, 0.19628713870954448, 0.2537967456502616, 0.21202068944276256, 0.1676392609847967], [0.09413338561855211, 0.17415658795976524, 0.29556125061205135, 0.167489400302972, 0.2686593755066592], [0.007136089094409947, 0.09489784333410287, 0.4040653158606279, 0.2660878426354165, 0.22781290907544274], [0.17202739167125788, 0.13772559592500971, 0.31663763918629784, 0.17059575928232756, 0.2030136139351072], [0.23260515793292952, 0.28330762026106643, 0.2975223256734474, 0.14519409650632084, 0.04137079962623583], [0.02627720820123181, 0.5215216088416315, 0.08050184613911225, 0.12410610058309787, 0.24759323623492666], [0.3539864960779699, 0.05789024012329893, 0.03929995379044105, 0.3268416365742958, 0.2219816734339942], [0.20766093890820989, 0.09955968711893468, 0.26208994664226454, 0.27395294228418726, 0.15673648504640367], [0.29352280422742466, 0.15044195127919627, 0.13079502766783252, 0.23361712743953103, 0.1916230893860156], [0.09326842196205314, 0.23950276359877737, 0.00765543849841018, 0.40727705212151094, 0.25229632381924827], [0.01465319255725575, 0.29751128291908935, 0.317078960756776, 0.2339158571347437, 0.13684070663213513], [0.40721017257280373, 0.007044975991703499, 0.07467065900771977, 0.2279031854950147, 0.2831710069327582], [0.2876211839712952, 0.06495876225955928, 0.044175187831775216, 0.26536902193504036, 0.3378758440023298], [0.225456757199079, 0.1901514696166242, 0.2520861079970374, 0.13381104389614587, 0.1984946212911135], [0.1459461883943832, 0.12358366715436772, 0.3186438232259652, 0.15067940001002558, 0.26114692121525834], [0.25437306786545333, 0.05742987310383516, 0.06493438358000436, 0.26107755094523283, 0.36218512450547435], [0.4101408093935965, 0.18543569199026083, 0.005087874821268002, 0.294620724463127, 0.10471489933174781], [0.17905176629514458, 0.31683034118491044, 0.21916279177768264, 0.25673204441696873, 0.02822305632529355], [0.05581080553127325, 0.25673723027933987, 0.15609895387208145, 0.26991787663665856, 0.26143513368064686], [0.14843056517904113, 0.30704763758139914, 0.40400465940643376, 0.07493001291501866, 0.06558712491810734], [0.25686345379209924, 0.25235401997840606, 0.11699893315840854, 0.21568470709038295, 0.15809888598070318], [0.23029700304170259, 0.09708532468899907, 0.1460156589040024, 0.2750541010982141, 0.25154791226708184], [0.10386327022738347, 0.2954656037066526, 0.13360353250840723, 0.22865322614889236, 0.2384143674086645], [0.11184266775468346, 0.23029086228272805, 0.1295696416553936, 0.2674881950502492, 0.26080863325694575], [0.2691284660459672, 0.27154633394030064, 0.04395860442114398, 0.19381524469474695, 0.22155135089784145], [0.23998162436876525, 0.24019122439224402, 0.0914210469022528, 0.07297425543318481, 0.3554318489035532], [0.10754213841043617, 0.523455483820187, 0.05539973965686271, 0.2963423862308699, 0.017260251881644303], [0.2970354314161264, 0.1317534739604524, 0.21037135894007994, 0.1288445491368961, 0.23199518654644533], [0.1977117848512687, 0.05018003598253301, 0.2336083109396054, 0.23525168700141147, 0.2832481812251814], [0.14908027757669298, 0.34191825173279444, 0.036687244361864456, 0.3892137671410539, 0.08310045918759436], [0.13590418657013134, 0.03399101255847743, 0.3035964098224043, 0.17664966510688013, 0.34985872594210676], [0.06316758426249586, 0.38954432015987195, 0.1570483633420193, 0.10321086278739963, 0.28702886944821315], [0.01996656921549963, 0.34754420773152545, 0.31324114803766406, 0.03208115915660159, 0.2871669158587092], [0.1363489121132499, 0.11118654838116754, 0.4159939676608201, 0.2675368706683682, 0.0689337011763943], [0.2759196108387726, 0.1346802774089734, 0.21823767041507036, 0.13845875099493524, 0.23270369034224847], [0.22581232458803016, 0.09388774659595185, 0.2751911950323516, 0.20468391331612326, 0.20042482046754298], [0.22805175352743803, 0.2656652683192779, 0.41359622685689534, 0.035433569240091965, 0.057253182056296745], [0.2635586516373159, 0.12586829577313086, 0.28645208908005443, 0.029759604552910122, 0.29436135895658866], [0.06967742466778744, 0.28288562867987055, 0.29491631828040105, 0.22424987527803336, 0.12827075309390754], [0.012807253813952757, 0.3800611620163003, 0.28104243581378013, 0.0410920596178638, 0.28499708873810303], [0.002844508861854012, 0.2085792285559619, 0.2833833285361711, 0.37090516858481376, 0.1342877654611994], [0.09531670937139854, 0.13600245618602325, 0.024315225009216894, 0.38262951785974797, 0.36173609157361336], [0.33131130533018377, 0.041039980828180576, 0.04601415383780897, 0.5128564845529402, 0.06877807545088656], [0.07091098287071448, 0.38236387094952295, 0.1467843260092411, 0.20034299215663526, 0.19959782801388617], [0.2526400317240612, 0.17045539600273737, 0.29310877029159393, 0.17897465539500557, 0.10482114658660185], [0.08177526265612729, 0.31731110380575317, 0.09225311331237131, 0.2559070441404218, 0.2527534760853263], [0.42757010720728134, 0.03978120031152977, 0.09211497680282886, 0.29365275821073644, 0.14688095746762367], [0.062021740261257306, 0.43187959736741527, 0.3528264554729784, 0.1073476706606825, 0.04592453623766639], [0.27262420955899325, 0.18445294389849437, 0.3008332640887841, 0.16737197450527322, 0.07471760794845511], [0.08168214217404687, 0.2555816407616612, 0.41832234742641483, 0.0026298536493820175, 0.24178401598849492], [0.1634296975604013, 0.2715588146566621, 0.07890124725968137, 0.35454681688624573, 0.13156342363700957], [0.22726957635719613, 0.22749350190349688, 0.24323220077191, 0.07114587207143289, 0.2308588488959641], [0.16862787897891918, 0.2922128990926655, 0.12998425225202823, 0.354166417277794, 0.055008552398593], [0.3926238994832861, 0.005332938412923259, 0.20376977682964975, 0.34389814188418316, 0.05437524338995789], [0.17513763123043366, 0.1557733235248431, 0.22219519885921873, 0.2049068055973718, 0.24198704078813277], [0.39716729600390194, 0.2918160534193231, 0.17521390673206916, 0.053785336054437353, 0.08201740779026837], [0.36374849604980003, 0.11126992546656737, 0.37327764484552645, 0.12779784082346837, 0.023906092814637948], [0.14456271388378514, 0.19174694370763068, 0.05168416484624219, 0.21423447603647192, 0.39777170152586994], [0.1552468167687328, 0.1852270932871839, 0.3746951906179788, 0.08077831028017922, 0.2040525890459251], [0.36090652794405653, 0.18112786189282626, 0.21609286784920395, 0.1997556656650461, 0.04211707664886704], [0.2049635315450796, 0.26104253581771164, 0.2651933345433589, 0.167909138522834, 0.10089145957101588], [0.17697855003491147, 0.24748248040507762, 0.2562641387233478, 0.0741320860633934, 0.24514274477326967], [0.20869149358385636, 0.24914104890390681, 0.04786030923121234, 0.2789777156564656, 0.21532943262455878], [0.07788683243691592, 0.252636089264353, 0.05216863671195198, 0.3389186707378587, 0.27838977084892036], [0.18965830431310923, 0.2778620683688632, 0.2524447188005069, 0.0300794839979129, 0.24995542451960784], [0.2214161996555696, 0.07719620258408719, 0.14196858846748586, 0.20821969980438682, 0.3511993094884705], [0.30706364026925836, 0.03555024374241699, 0.1539506919253092, 0.2937025767326925, 0.20973284733032288], [0.31749504277810814, 0.22174412946258296, 0.08280629652466275, 0.18669354024219872, 0.1912609909924474], [0.33697351586994617, 0.1340812610611363, 0.08856641797391133, 0.2822408411388276, 0.15813796395617877], [0.1294598380048546, 0.26102726606623655, 0.18032283474784147, 0.17957538700913858, 0.24961467417192879], [0.2255328132296429, 0.30061993405676235, 0.19940198570139642, 0.18495364389514854, 0.08949162311704975], [0.13592135141820247, 0.31301449547322097, 0.03477968324521103, 0.09910883818237945, 0.41717563168098604], [0.3581286564812974, 0.014948928289047115, 0.0860576809806596, 0.3258570524761685, 0.21500768177282745], [0.2660798910247216, 0.058144165796877555, 0.38964920889492793, 0.11698035920065451, 0.16914637508281827], [0.18766504982126786, 0.24757622089332323, 0.40948232039516064, 0.08746141361097219, 0.06781499527927592], [0.0632985061508563, 0.3374197305156329, 0.1665710521697738, 0.4037221041501659, 0.02898860701357097], [0.17636285823327022, 0.2512402503239247, 0.16824373154824807, 0.134903739504072, 0.26924942039048516], [0.1763326914327972, 0.313987048165688, 0.08264220536488442, 0.20728049753640163, 0.2197575575002287], [0.27076867667651616, 0.027835785712174106, 0.24049876134251846, 0.20401424126416498, 0.25688253500462627], [0.27693513551719434, 0.2063953621588586, 0.3622035671634671, 0.12925934755781227, 0.025206587602667745], [0.20999301715510915, 0.2274677136041751, 0.23203326457868792, 0.12535458093912588, 0.20515142372290196], [0.23139967561735963, 0.09356251462170088, 0.2482271585546781, 0.3126403251951928, 0.11417032601106858], [0.08252582485258014, 0.17620840069809127, 0.26492301977841337, 0.18358234119705347, 0.2927604134738619], [0.32266778143828195, 0.24856159027015481, 0.2472235398473144, 0.06227111947687399, 0.11927596896737487], [0.46969638497339566, 0.23217168352137033, 0.13221992211411926, 0.036596846876434934, 0.12931516251467975], [0.20529779973959322, 0.3287454240499782, 0.13927680699023182, 0.2808632738602302, 0.04581669535996671], [0.2275446020179409, 0.2565282771930759, 0.13899344213818754, 0.1257773639910464, 0.2511563146597492], [0.05819703579067113, 0.23517669865574825, 0.23437785688525387, 0.2446075905535414, 0.22764081811478534], [0.1733447233137465, 0.2247917100612194, 0.17573909610212252, 0.09949172300536072, 0.3266327475175508], [0.010249715211233358, 0.10324308043509291, 0.3811753608147904, 0.39088823379382764, 0.11444360974505559], [0.2812010727351055, 0.22856588148903473, 0.21850080760829813, 0.16083841113533892, 0.11089382703222277], [0.010092780256670441, 0.3992809826912386, 0.40933246206302365, 0.08899966967177671, 0.09229410531729063], [0.09894817680643128, 0.18572950872603594, 0.2908383788348368, 0.22124314369803894, 0.2032407919346571], [0.22048797775649157, 0.23471598110078085, 0.12174321287391614, 0.16805603578679326, 0.25499679248201823], [0.03020255537954176, 0.23042782397181394, 0.29385478073115756, 0.16171531294182714, 0.28379952697565947], [0.23498232107540046, 0.21380886511264013, 0.1501602475806107, 0.20262703569617493, 0.19842153053517383], [0.1807859992607639, 0.010028941634949152, 0.44786297944815523, 0.2205535329880776, 0.14076854666805408], [0.11773901507447776, 0.1877445291183984, 0.27157858683288044, 0.24332303162081667, 0.17961483735342662], [0.038389600771012784, 0.48413546209993175, 0.007755939981488677, 0.454028127016387, 0.015690870131179705], [0.18327810441527506, 0.28482662834358535, 0.240626029577858, 0.2559165718662934, 0.035352665796988224], [0.20545651896148476, 0.15451731036733904, 0.2239327711276415, 0.23665280222771348, 0.17944059731582118], [0.2221627659835388, 0.26517313773672224, 0.19847968774670663, 0.16878375386160843, 0.14540065467142393], [0.26976062017729774, 0.3301901277804479, 0.32230922508709436, 0.0007297769854099636, 0.07701024996975009], [0.15814138520592677, 0.10912757580339881, 0.2559472821356607, 0.3759103784390029, 0.10087337841601095], [0.30959965435326314, 0.14182162165890352, 0.2764127760660247, 0.03388959513618663, 0.23827635278562215], [0.18244457593422408, 0.2905666646566301, 0.04155305905082449, 0.18285307631076003, 0.3025826240475613], [0.3450368428236364, 0.07983494220110664, 0.4238088342943663, 0.11471737700764602, 0.03660200367324488], [0.025379431960170576, 0.23448828827471468, 0.25126510549944947, 0.26330728487918514, 0.22555988938648022], [0.22665249388718084, 0.2351639499979929, 0.13618058258863966, 0.16028916825948242, 0.24171380526670413], [0.22091491244350928, 0.10343153387694552, 0.4032583612971039, 0.02177215910503708, 0.2506230332774043], [0.30591245781957155, 0.2449924222343158, 0.19928250581270707, 0.16010131916450146, 0.08971129496890405], [0.15662822685356673, 0.20535397086796692, 0.15603827652091717, 0.21308546185968982, 0.26889406389785936], [0.21046653574872734, 0.23300035219556944, 0.2795447548259927, 0.18207710317228562, 0.09491125405742486], [0.25380267633271164, 0.26382598237722316, 0.31341670892169327, 0.006778511041297433, 0.16217612132707457], [0.02717055383377429, 0.22018687368434955, 0.2118311475138577, 0.0975051334145922, 0.4433062915534262], [0.3025623557113052, 0.15725403775126023, 0.323755016730143, 0.10052956713106473, 0.11589902267622702], [0.27429135280171907, 0.24560215576634614, 0.2772685303941817, 0.1375493826649091, 0.06528857837284409], [0.11094794655021388, 0.18912141272235325, 0.21609660321177554, 0.23037133964269718, 0.2534626978729602], [0.12866887170290608, 0.34424409011960094, 0.41015263542727276, 0.11485561687861487, 0.002078785871605393], [0.048728243163255476, 0.26596477701400734, 0.27492202476300764, 0.08883424882435799, 0.3215507062353716], [0.12079297870837101, 0.3721764725512337, 0.09424300509818274, 0.38682723339978453, 0.02596031024242801], [0.21023596464193886, 0.12431485838758041, 0.23479282533629917, 0.31590393446409853, 0.11475241717008298], [0.4610116922467075, 0.21903479495978687, 0.19383821051269096, 0.09913975274489226, 0.026975549535922544], [0.028066616358817506, 0.39060665846507536, 0.0033586982812922493, 0.2978673750113571, 0.2801006518834578], [0.29390557642480036, 0.23016090030238273, 0.0319979662885639, 0.09630454592851853, 0.3476310110557345], [0.3378543746182566, 0.1828460392517622, 0.1480403616896762, 0.3160241173063589, 0.01523510713394629], [0.2238397667891018, 0.3631952852084661, 0.16081489851487443, 0.11287837031862279, 0.13927167916893493], [0.19740513367756027, 0.30294149050029073, 0.25054780058042614, 0.11765978147943891, 0.1314457937622839], [0.23511686635410947, 0.23253755949426078, 0.04216710747577225, 0.21359884242760233, 0.27657962424825505], [0.07503493963202328, 0.4576489566809029, 0.08763999341456194, 0.05100832083393497, 0.32866778943857694], [0.2919106532718366, 0.23038334478064648, 0.22677619612360617, 0.03449230312424136, 0.2164375026996694], [0.26026012914987845, 0.007231684623482141, 0.38717046629598134, 0.11101617138488495, 0.2343215485457731], [0.1527696247418558, 0.22740365078178879, 0.28819137538774725, 0.26074278673343315, 0.0708925623551749], [0.09991996836412567, 0.18717329658947515, 0.15961594961701134, 0.31399475468368604, 0.23929603074570177], [0.14809360114924944, 0.1987166076742234, 0.12525829286362605, 0.28213153349566994, 0.24579996481723124], [0.20448347147209472, 0.254663320311956, 0.17650718566643983, 0.16750532804431834, 0.19684069450519112], [0.2583180298680295, 0.38990893550797473, 0.16600673965350496, 0.1507616851069813, 0.03500460986350961], [0.28737544514427127, 0.024965260272478116, 0.2774157480869269, 0.1080816698158087, 0.302161876680515], [0.06587740808299286, 0.12129596420110081, 0.39648942862897774, 0.19518242181267834, 0.22115477727425029], [0.07748770600368489, 0.06025012351291946, 0.3310215896173368, 0.22814422205741602, 0.3030963588086429], [0.11210801800482473, 0.14883828242793778, 0.2800744660077972, 0.27684047672838047, 0.18213875683105976], [0.32301364520773523, 0.03546701221121746, 0.1630875640615244, 0.2689252229225648, 0.20950655559695813], [0.13010153389438528, 0.2974095345728598, 0.09973114468208354, 0.38512458685516693, 0.08763319999550452], [0.26544491702815615, 0.18277707478872368, 0.2710285688186498, 0.14995664259039318, 0.13079279677407704], [0.2750097551896588, 0.4110777867727723, 0.2938460250259495, 0.006872898285053278, 0.01319353472656618], [0.10965193295911335, 0.1815943340898396, 0.08197856722199238, 0.490150010167063, 0.1366251555619917], [0.24542635832573367, 0.07528365686967026, 0.16325406310647458, 0.29206509861154045, 0.22397082308658106], [0.03926114673118574, 0.33039942073150036, 0.42837921795721046, 0.10406469901811584, 0.09789551556198761], [0.3313355269784422, 0.19927315170556614, 0.01771181969970941, 0.021120363535913185, 0.43055913808036905], [0.26966918797972933, 0.1921140046159267, 0.05896561096311527, 0.33938409742369474, 0.13986709901753394], [0.13094723286230261, 0.3152892052206911, 0.32650819782016727, 0.007684451493304835, 0.21957091260353417], [0.1352751534396557, 0.37391846372734994, 0.12121759318731808, 0.11586575348341377, 0.2537230361622626], [0.3639005332242738, 0.2585275915661313, 0.22541926358628994, 0.04863549165945629, 0.1035171199638488], [0.23077162841535548, 0.03931884353030638, 0.27162053526034274, 0.273675073785466, 0.1846139190085295], [0.10412152223170523, 0.3183755283692996, 0.27479089522707967, 0.2539100833142368, 0.04880197085767851], [0.25805228052145085, 0.345506066549791, 0.09799054742457383, 0.10927779361159304, 0.1891733118925913], [0.2782059202406994, 0.03340744104934444, 0.24314623464216034, 0.19964859792506137, 0.24559180614273454], [0.0731323469032231, 0.4577949640326003, 0.07373613860710562, 0.3909857880477183, 0.004350762409352784], [0.26889633288997944, 0.11385827743005504, 0.14142877050834893, 0.3287579886255219, 0.1470586305460947], [0.19055136100601072, 0.21994500989576948, 0.004137273231947387, 0.24676156613469602, 0.3386047897315764], [0.17738896108783003, 0.3719908644293645, 0.10123534797668354, 0.24112350404814678, 0.10826132245797525], [0.08104479478828874, 0.24835044930649966, 0.011138765116852538, 0.38602358644075385, 0.2734424043476052], [0.11042349552903634, 0.2480703077898255, 0.022568915459956887, 0.27283129082492485, 0.34610599039625645], [0.39832631740793256, 0.0636101257348913, 0.07294209809446121, 0.32455546148127834, 0.14056599728143673], [0.25085309589190224, 0.15404725199641708, 0.15201455030925998, 0.20491216143018268, 0.23817294037223802], [0.15817107616763898, 0.19240921219390467, 0.02657849269698538, 0.3165630053170336, 0.30627821362443736], [0.024842584002825255, 0.15937254629637904, 0.40485888377064744, 0.26599330988126396, 0.14493267604888424], [0.15342457712780297, 0.28873852511425313, 0.29940685992883126, 0.06425924734584207, 0.19417079048327057], [0.21612664554376157, 0.21584024669090032, 0.1809429892866084, 0.2093045325639198, 0.17778558591480978], [0.42853221338445635, 0.18219728827912582, 0.03640734783617858, 0.04872203024543452, 0.3041411202548046], [0.005657468720880068, 0.37953070826740254, 0.08565307080841521, 0.36862138793165156, 0.16053736427165052], [0.12802416653230783, 0.44411672656775103, 0.01092051587595213, 0.24123016654326046, 0.17570842448072854], [0.47069538456768656, 0.20897712738055405, 0.2647824305389283, 0.02702964734851973, 0.028515410164311365], [0.27876108055326954, 0.156588739294923, 0.13755152031440082, 0.07566766769209785, 0.35143099214530893], [0.4372938313335655, 0.1712196860084774, 0.1746341196904661, 0.13563711049952196, 0.081215252467969], [0.150164842983953, 0.3923428440893413, 0.039809882097108125, 0.39140020800492176, 0.026282222824675957], [0.16383160042126133, 0.233537699645906, 0.10338023686054894, 0.26697181639975404, 0.23227864667252968], [0.3310945512519803, 0.18573035687319742, 0.0703594090754288, 0.3073881854069121, 0.10542749739248138], [0.23955231446577308, 0.23953899343473692, 0.13486889384918782, 0.1879701168752941, 0.19806968137500794], [0.16169533817935136, 0.07236642360876316, 0.20204357457986016, 0.23722107896998668, 0.32667358466203866], [0.3257504723069435, 0.026390239233457704, 0.4389522751742708, 0.09765703615070209, 0.11124997713462587], [0.03345163860576162, 0.18624372905514924, 0.3470438259303217, 0.24878774692192096, 0.18447305948684664], [0.20726849813654225, 0.22904581393679138, 0.13534775591808834, 0.19127912951278847, 0.23705880249578942], [0.013672953828339501, 0.2719996074251538, 0.3200651451158819, 0.25311420217988545, 0.1411480914507394], [0.09165831286489018, 0.3036446676292205, 0.30213949577803323, 0.047218398059482414, 0.25533912566837363], [0.2688854655990716, 0.17766355840675627, 0.1528892160229465, 0.12464182273544748, 0.27591993723577823], [0.12950344338915112, 0.1939810759775091, 0.20004727670030906, 0.2808301990913127, 0.1956380048417181], [0.057673916235113865, 0.16208435142201436, 0.43046439500541306, 0.01819532762523107, 0.3315820097122276], [0.42666026488356207, 0.24945883049289552, 0.06359254581933986, 0.02343407650147291, 0.23685428230272967], [0.323001662998078, 0.1126764170569663, 0.3226271311893894, 0.033800237357128275, 0.20789455139843796], [0.17250785702896645, 0.20700872821811878, 0.2763694143453991, 0.1271457892714428, 0.21696821113607295], [0.11092546943176886, 0.41250439157851737, 0.28056996926506556, 0.04219338527215649, 0.15380678445249166], [0.055788044318871154, 0.3083596885878149, 0.1670923894400255, 0.2165576590314277, 0.2522022186218608], [0.1280041950400255, 0.3385546924998661, 0.258552834349231, 0.22267856083055637, 0.05220971728032112], [0.2214564738982397, 0.22633205708539722, 0.4200908917248444, 0.048572924633258144, 0.08354765265826058], [0.4767907318039664, 0.2295711576196747, 0.17976877417895196, 0.06307309089327695, 0.05079624550412978], [0.1531718503781145, 0.16816117457746776, 0.3545879205337165, 0.24290367522191947, 0.08117537928878174], [0.28085508691896494, 0.005257373538215166, 0.3060565845025578, 0.12853834298845496, 0.2792926120518072], [0.3631110459187698, 0.375924526923421, 0.21094992755904687, 0.026537320599386117, 0.023477178999376357], [0.14691047484435663, 0.051042609871546275, 0.15590369420152356, 0.4796366265283958, 0.16650659455417763], [0.11993732907585414, 0.3025904297049221, 0.27707086549022886, 0.11747938417751311, 0.1829219915514818], [0.24701693315589873, 0.31880331827568675, 0.05907223962452991, 0.3322947287292833, 0.04281278021460137], [0.204588302701812, 0.32937231692046215, 0.05974309499380757, 0.26990966096182795, 0.13638662442209035], [0.11837603749543664, 0.26096712391448224, 0.0968058447296039, 0.22617684895259388, 0.29767414490788335], [0.19897728865250267, 0.21012518734319371, 0.22933426741584542, 0.12549225200415112, 0.2360710045843071], [0.34403033977604847, 0.18761403998541593, 0.04204630090255614, 0.1399937054040588, 0.28631561393192057], [0.23515115314637391, 0.0785732444797998, 0.36134216131615504, 0.271026644041674, 0.053906797015997286], [0.29755400590118797, 0.18672111060212981, 0.1297246025083818, 0.18999769432912256, 0.19600258665917783], [0.3967392701717173, 0.2776933231276523, 0.11101078142626866, 0.16917164842178928, 0.045384976852572374], [0.1318942095670274, 0.300014686848248, 0.1502238870992354, 0.3008494687037916, 0.11701774778169771], [0.2890031755893061, 0.03410629788397706, 0.06197919532290827, 0.18963768794674926, 0.4252736432570593], [0.3715766445336922, 0.11500155632454044, 0.15527531590820154, 0.02340831625518994, 0.3347381669783758], [0.2702690906036364, 0.1832518027897498, 0.215550068657032, 0.10835794144942587, 0.22257109650015608], [0.20427731768645252, 0.29630557822880194, 0.10791563600370108, 0.2939950587704028, 0.09750640931064164], [0.17882640034948788, 0.15148128411606648, 0.23321527859114918, 0.1147471279892113, 0.32172990895408504], [0.19759400669924576, 0.06969994351739038, 0.23618589134983384, 0.20325030656397813, 0.2932698518695518], [0.187198363640885, 0.20472639697617837, 0.19937332972257105, 0.1959587820432771, 0.2127431276170885], [0.35551140544773346, 0.13267528720929106, 0.04929513766532285, 0.3461453047257772, 0.11637286495187549], [0.2521242208943376, 0.2900175254011046, 0.1809614136053318, 0.08345832780405493, 0.1934385122951711], [0.23907643389787567, 0.04817296385737022, 0.24816456309474375, 0.2033687743870286, 0.2612172647629818], [0.11165246641609315, 0.2939062446143508, 0.05945878716558983, 0.2344372854889304, 0.3005452163150359], [0.2185474527269562, 0.05959856312162899, 0.3804915583444592, 0.23239387887684618, 0.10896854693010939], [0.2590242139827734, 0.23279464026639213, 0.26429402054174456, 0.18226063073566703, 0.06162649447342277], [0.31728168671368506, 0.2694439503190362, 0.2692218641960455, 0.00761065959908728, 0.13644183917214603], [0.14396552763168466, 0.047061294828893666, 0.20242697507889276, 0.2398737956933007, 0.36667240676722834], [0.3100598652303165, 0.2707536633511822, 0.08723747244537378, 0.14084091824245923, 0.19110808073066832], [0.11460789785530405, 0.19850158238086013, 0.3119573315219632, 0.17799432571582674, 0.1969388625260458], [0.25451191661602157, 0.11779585344318116, 0.12419189774963454, 0.2540030748691719, 0.24949725732199093], [0.25154877426759165, 0.2041076054285026, 0.02221978826099088, 0.3019841037891069, 0.22013972825380804], [0.3828981869356812, 0.07373984326617085, 0.04762473100468648, 0.3673399547870727, 0.12839728400638875], [0.32994029963254407, 0.25998192143338067, 0.07733431719929941, 0.21539997016091292, 0.11734349157386288], [0.3279826209975082, 0.25717563690426615, 0.29159783330691635, 0.11445249670918299, 0.008791412082126316], [0.14705835342995585, 0.25518616468030797, 0.32476658385238855, 0.10963264520461055, 0.16335625283273728], [0.2649416340529387, 0.07545122442700929, 0.20469750213465998, 0.2654693345589972, 0.18944030482639482], [0.05854082535843886, 0.3301633715462968, 0.02105423881367341, 0.14261384668083207, 0.44762771760075876], [0.23780037659378297, 0.07161492145874158, 0.23027756381392547, 0.19096437533882027, 0.26934276279472974], [0.24143481988644255, 0.2965281164615766, 0.26209844527737625, 0.029696599889282554, 0.17024201848532206], [0.04293908502661567, 0.2005224200139896, 0.19708508221885893, 0.3284527784656534, 0.23100063427488235], [0.10307382674790823, 0.3816173521094638, 0.02408186538870115, 0.20541800401416307, 0.2858089517397637], [0.10009248980215324, 0.24041894461787167, 0.17971951461998992, 0.4532114466081618, 0.026557604351823385], [0.023197301369045267, 0.1795957011156903, 0.2702313420211105, 0.3333686339203661, 0.19360702157378787], [0.22235533863264598, 0.154610796521324, 0.21957682955420368, 0.19708810914636068, 0.20636892614546562], [0.017105931672437187, 0.49044725425238106, 0.36634785434659306, 0.07950736667610923, 0.04659159305247938], [0.09394228043278888, 0.39018907081967624, 0.054022346590243984, 0.33239720928511196, 0.12944909287217893], [0.024535759936258388, 0.06051982003497439, 0.048843819870559274, 0.5001715486572308, 0.3659290515009771], [0.1696754085615685, 0.26039615278449, 0.14841623811589835, 0.24796306365431128, 0.1735491368837318], [0.24500236737815234, 0.38288955808244524, 0.2364275544107726, 0.10539000382613914, 0.030290516302490755], [0.35132551560044784, 0.13955411911451432, 0.31856025145802874, 0.16504523739978313, 0.025514876427225816], [0.21715321517787814, 0.034530530385800326, 0.2833551767521572, 0.15291548872711708, 0.3120455889570473], [0.07047848544445598, 0.017993821661629914, 0.08370849047476053, 0.6410327322618565, 0.18678647015729696], [0.30224405166040125, 0.20030144939097727, 0.11096623724566057, 0.08164332470568174, 0.3048449369972792], [0.14782709518341558, 0.3056445793551572, 0.2642626311149095, 0.2611942096446799, 0.021071484701837638], [0.22710310685343313, 0.0016578114772788483, 0.4268901928568004, 0.12878897805422432, 0.21555991075826322], [0.10226917245906392, 0.03813736291015497, 0.41519328809998507, 0.2453779939942553, 0.19902218253654072], [0.2635146151948418, 0.16608503797972762, 0.287507089023906, 0.2750921565433914, 0.007801101258133214], [0.2351048142340939, 0.0174168757978305, 0.18592345662987284, 0.1777368730426548, 0.38381798029554803], [0.07844877102605191, 0.2011682294834628, 0.15960770086087936, 0.2827880417303574, 0.2779872568992487], [0.03809512589280055, 0.45867005815233924, 0.08588720200075443, 0.3790913582795171, 0.0382562556745886], [0.031677641455904605, 0.3686007206695784, 0.3382936273856337, 0.17944046107054923, 0.081987549418334], [0.17808577585625296, 0.23052732650738234, 0.27871287658112665, 0.05439989816184794, 0.25827412289339013], [0.020317717692053625, 0.02277716595136439, 0.3595420101503189, 0.2816659431403151, 0.31569716306594797], [0.19638545603674729, 0.09079463858678441, 0.1918555895015073, 0.2538703390980233, 0.26709397677693775], [0.14594587669845058, 0.31329301553222483, 0.2645403709014511, 0.07611118906031654, 0.20010954780755694], [0.17169035405869004, 0.12708246778517926, 0.30317336391257615, 0.3824120176111526, 0.015641796632402012], [0.1661174959053884, 0.20708554167659482, 0.1220972201654067, 0.38403727646868935, 0.12066246578392069], [0.21475144372436578, 0.3012003821834353, 0.3374651641036002, 0.06392381935896585, 0.08265919062963288], [0.13149400467789765, 0.16486394270804597, 0.13592832642563943, 0.33987682564395544, 0.22783690054446148], [0.03610186214471651, 0.14367141706112568, 0.1775406562010286, 0.5494100924909764, 0.09327597210215281], [0.055759531255953794, 0.37432596678143426, 0.05015480940384192, 0.4143424053654853, 0.10541728719328469], [0.3593822974457443, 0.19783902995033067, 0.04392386344668978, 0.3970537104149069, 0.0018010987423284362], [0.24542384599787778, 0.2943787948550975, 0.06838710054135141, 0.15742001667588038, 0.23439024192979283], [0.19494032384386992, 0.3872921168321365, 0.019321065637871154, 0.2082104425406925, 0.19023605114542988], [0.17671921447903288, 0.16477956868275156, 0.18016765524696957, 0.2315337329267928, 0.24679982866445313], [0.046732509059999955, 0.28647381006273265, 0.15272516109073567, 0.14275679502631317, 0.37131172476021845], [0.19078453675835105, 0.15990149884426005, 0.06931078647674764, 0.2670228935438605, 0.31298028437678094], [0.29214050724944457, 0.3159039078621065, 0.047968220405605104, 0.13856775371182561, 0.20541961077101825], [0.3581867879757664, 0.04498273893719406, 0.09499556652124364, 0.4363193159370157, 0.06551559062878032], [0.25935492361655377, 0.14526732287002356, 0.3104026176088607, 0.024246370233399716, 0.2607287656711625], [0.2510293597107252, 0.1852148912343225, 0.09614242091157356, 0.25554840071197404, 0.21206492743140476], [0.20909502384124065, 0.08248483049055508, 0.23216769282696467, 0.279393848455453, 0.19685860438578653], [0.14171730184517323, 0.3621970767616693, 0.021668835538466668, 0.11890103234707104, 0.35551575350761977], [0.19316241028046785, 0.030467772094105085, 0.17508604032046446, 0.31139502556989085, 0.28988875173507167], [0.24945016437841813, 0.20119563659815295, 0.21674543215438868, 0.17623961858521064, 0.15636914828382956], [0.1133826760754905, 0.2935433048549662, 0.1969908330546911, 0.08365064698300469, 0.31243253903184776], [0.33718450556549495, 0.11890166548708486, 0.48523797497267923, 0.041382704950823156, 0.017293149023917792], [0.2479282968260239, 0.0978504176672798, 0.19691597221080714, 0.141565212991071, 0.31574010030481814], [0.029784793857481888, 0.333877996383112, 0.23544797272527332, 0.3380025893507738, 0.06288664768335896], [0.15159710594316803, 0.0607578566310293, 0.5095318140416322, 0.15039285496698995, 0.12772036841718049], [0.23500865531142212, 0.382136657473185, 0.2357491930323177, 0.006575782002878504, 0.14052971218019675], [0.30057349570672875, 0.22732915765429182, 0.10171604595857835, 0.16663681267197328, 0.2037444880084278], [0.004513208330432733, 0.2548362388849285, 0.3479728430109386, 0.06832674334467723, 0.32435096642902295], [0.2309896022766106, 0.15342853410385898, 0.33402664190518216, 0.1039601038658086, 0.17759511784853982], [0.2985965237798517, 0.16042147101983742, 0.3534639417827097, 0.10026313193562895, 0.0872549314819724], [0.20815676631685037, 0.3145334150774912, 0.30909645122920726, 0.09203576993663896, 0.07617759743981214], [0.18060638330383122, 0.21840090140809867, 0.10241312819047774, 0.0956861488971201, 0.40289343820047224], [0.12180609918428739, 0.3679882810076054, 0.21168893126206398, 0.01320654810780794, 0.2853101404382352], [0.09128020912032053, 0.20916802628010375, 0.22023243060643377, 0.021775639015464865, 0.4575436949776771], [0.10889510193721273, 0.2341774607898866, 0.09911010510240852, 0.22755728909844608, 0.33026004307204604], [0.09859527345391687, 0.23045693963036215, 0.28767422314510854, 0.05699909875150428, 0.3262744650191081], [0.3792923497312481, 0.3063166083807888, 0.19678437986464084, 0.07699301487072065, 0.040613647152601684], [0.30236723844025126, 0.25464903669024136, 0.2651173707792892, 0.16144424436487126, 0.016422109725346936], [0.2651656801387547, 0.23462064946623631, 0.02058038412489642, 0.1789456100925434, 0.3006876761775693], [0.0761999323656808, 0.15420921517241637, 0.12799070936132534, 0.4216099277136996, 0.21999021538687796], [0.3174161247142793, 0.19757426468862416, 0.21189344767486823, 0.0610893240055024, 0.21202683891672572], [0.3013280870775987, 0.2269212288763212, 0.20898311155927715, 0.2436256114628846, 0.019141961023918307], [0.2474693241898526, 0.24592846561027298, 0.2041522553204746, 0.2829036356122219, 0.019546319267177897], [0.0315753522157531, 0.3241243463173792, 0.14439890998299243, 0.33249845839284026, 0.16740293309103502], [0.18764770175265277, 0.3487343962582609, 0.2009486088594556, 0.07703196589279367, 0.1856373272368371], [0.08513753147765818, 0.37139145247975075, 0.3499266255639745, 0.0515266678293423, 0.1420177226492743], [0.4153667581247766, 0.012071425724608719, 0.001631075196487459, 0.09484580929579675, 0.47608493165833043], [0.3048970286406674, 0.11071033001073419, 0.13513920011503205, 0.08613764225073081, 0.3631157989828356], [0.0759359046148405, 0.23359868222966387, 0.3683627127712761, 0.23334516842123054, 0.08875753196298912], [0.1430756285952114, 0.24582528896396097, 0.4190618314187615, 0.18576339742009493, 0.006273853601971063], [0.29278400697880047, 0.2075784686685493, 0.26900523476175686, 0.14661434277886257, 0.08401794681203098], [0.19430402179036038, 0.13329099666593808, 0.08974980456465774, 0.2722230668759199, 0.3104321101031239], [0.23253946820956395, 0.26621153102434975, 0.17606612222466236, 0.074272496413321, 0.25091038212810307], [0.22971324459856737, 0.04555291399400234, 0.3101532605746313, 0.2968014786803954, 0.11777910215240343], [0.2501822961918171, 0.2287962496528015, 0.28154102471481607, 0.14998230596007855, 0.08949812348048691], [0.2595572400006551, 0.1853935684448469, 0.2723960394175291, 0.19292525559076784, 0.08972789654620106], [0.28167658188337125, 0.08556115960141081, 0.3512220226566348, 0.13511401400005152, 0.14642622185853146], [0.38127944429141725, 0.16806913961471132, 0.2452461810129772, 0.19229081392362957, 0.01311442115726454], [0.305858662285207, 0.29957840028259636, 0.18175418324139753, 0.193001030710114, 0.019807723480685036], [0.16654619652096028, 0.39740157559310235, 0.26478965685892564, 0.09981273573780451, 0.0714498352892072], [0.2048996814225153, 0.20059660589559203, 0.19551654753282494, 0.25068231895007664, 0.14830484619899115], [0.18930357865159655, 0.15777707593395826, 0.2988493582175287, 0.016389817286435196, 0.3376801699104812], [0.3164424814434838, 0.14424067990261624, 0.01171401404962147, 0.2773596810826093, 0.25024314352166915], [0.39388603784152454, 0.07315912242104551, 0.29887928374866607, 0.20152995344924204, 0.03254560253952177], [0.23468902705238137, 0.18680435108776416, 0.2974537674422026, 0.13004091574983695, 0.15101193866781498], [0.1153146086035068, 0.21653997315817045, 0.21091908602089998, 0.03162798531052984, 0.4255983469068928], [0.2521769967493562, 0.2602073576577657, 0.1498953044785011, 0.1157739779725259, 0.22194636314185115], [0.3196948513402268, 0.24449265031452425, 0.029535553924371915, 0.259121219288482, 0.14715572513239503], [0.005179343607940022, 0.10570088236921191, 0.37634771405287726, 0.20252996474471194, 0.3102420952252588], [0.2988539096379116, 0.005322951813618675, 0.41015043594860073, 0.19154044573396306, 0.0941322568659059], [0.2849987413774838, 0.25403958225892764, 0.10272133202258288, 0.019593556679860274, 0.3386467876611454], [0.25107248591328013, 0.04602711047006151, 0.28